16
138
0 0 8
0 1 15
0 3 1
0 4 6
0 5 2
0 10 13
0 11 3
0 12 16
0 13 9
0 14 4
1 0 10
1 1 6
1 4 12
1 5 5
1 6 8
1 7 4
1 8 14
1 9 15
1 10 1
1 11 9
1 12 2
1 13 11
1 14 7
1 15 13
2 1 5
2 2 9
2 8 8
2 11 4
2 15 6
3 1 13
3 5 9
3 6 7
3 10 5
3 11 11
3 12 3
3 14 8
3 15 14
4 0 9
4 2 6
4 4 14
4 5 1
4 7 7
4 8 3
4 10 10
4 12 4
4 13 8
5 0 3
5 3 8
5 4 2
5 5 4
5 6 6
5 7 9
5 10 7
6 0 11
6 2 5
6 5 12
6 6 3
6 8 1
6 9 9
6 12 7
6 13 6
6 14 14
7 0 1
7 1 4
7 2 7
7 5 10
7 7 5
7 10 8
7 12 9
7 13 2
7 14 3
7 15 11
8 1 7
8 4 9
8 5 6
8 6 1
8 9 8
8 10 3
8 13 14
8 15 4
9 1 12
9 4 7
9 6 14
9 8 5
9 9 4
9 10 6
9 11 15
9 13 13
9 14 9
9 15 10
10 1 3
10 3 4
10 7 8
10 8 7
10 10 9
10 15 2
11 1 1
11 3 9
11 4 4
11 5 11
11 6 5
11 9 16
11 12 8
11 14 6
12 2 4
12 5 7
12 13 5
13 2 13
13 3 2
13 4 3
13 5 8
13 6 4
13 7 6
13 10 15
13 12 14
13 14 12
13 15 9
14 0 7
14 1 9
14 3 6
14 4 15
14 5 14
14 6 12
14 9 3
14 10 2
14 11 5
14 12 13
14 13 4
14 15 8
15 1 14
15 3 10
15 4 5
15 5 13
15 6 9
15 9 12
15 12 6
15 13 7
15 15 3
